0.0125122   2.36822
 8.08716 0.784632
3.50281 1.37829
 8.58917 0.761291
3.03986 1.46915
1.65894  1.8347
 1.1908 1.98793
5.71167 1.07017
1.66229 1.82232
3.52112 1.39186
 7.83295 0.819365
3.01941 1.50082
 9.55872 0.697102
1.42334  1.8732
 8.62213 0.769424
 8.43628 0.739988
2.66205 1.59097
0.237427  2.29192
 6.77185 0.911942
2.72888  1.5926
 8.37585 0.772191
2.05353 1.72204
4.57947 1.20484
3.85223 1.33926
5.72388 1.01666
2.25098 1.70168
 5.1709 1.09073
 6.57288 0.922443
6.99738 0.86981
 9.49554 0.677351
4.26544 1.23476
 8.77228 0.752329
1.91345 1.77296
 4.7525 1.17337
 7.31995 0.831105
5.68726 1.06349
 7.21893 0.850934
3.67798 1.40046
4.26208 1.25466
3.45978 1.35568
 8.46954 0.758383
2.71881 1.57018
1.95984 1.76392
3.97644 1.32283
0.274658  2.29318
0.505066   2.1801
 8.43018 0.800161
1.97845 1.75257
3.14056 1.46474
3.36304 1.42929
